S	2	-1
1	0	0
C	3	2
0.33	0.33	0.33	0.01	0
0.33	0.33	0.33	0.01	0
0.33	0.33	0.33	0.01	0
0	0	0	0	0.342481	0.619353	0.00954534	0.00952006	0.00951623	0.00958366	0
0.00614022	0.198345	0.0061406	0.789374	0	0	0	0	0	0	0
0.0100322	0.16974	0.00999296	0.810234	0	0	0	0	0	0	0
0	0	0	0	0	0	0	0	0	0	1
0	0	0	0	0	0	0	0	0	0	1
C	4	3
0.96661	0.00666744	0.00672284	0.01	0.01
0.100831	0.586907	0.292262	0.01	0.01
0.811538	0	0.168462	0.01	0.01
0.326667	0.326667	0.326667	0.01	0.01
0.163333	0.163333	0.163333	0.01	0.5
0	0	0	0	0.521314	0.00510721	0.00473539	0.0803084	0.00473726	0.383798	0
0.0100141	0.0100156	0.489964	0.490007	0	0	0	0	0	0	0
0.0147831	0.723528	0.0148205	0.246868	0	0	0	0	0	0	0
0	0	0	0	0	0	0	0	0	0	1
0	0	0	0	0	0	0	0	0	0	1
C	5	4
0.973684	0.00315885	0.00315733	0.01	0.01
0.00668521	0.00667675	0.966638	0.01	0.01
0.728648	0	0.251352	0.01	0.01
0.326667	0.326667	0.326667	0.01	0.01
0.163333	0.163333	0.163333	0.01	0.5
0	0	0	0	0.247366	0.614847	0.00382158	0.00382163	0.0038479	0.126296	0
0.24995	0.249966	0.249982	0.250102	0	0	0	0	0	0	0
0.00861924	0.00862212	0.42234	0.560419	0	0	0	0	0	0	0
0	0	0	0	0	0	0	0	0	0	1
0	0	0	0	0	0	0	0	0	0	1
C	6	5
0.974928	0.00253622	0.00253604	0.01	0.01
0.326605	0.326606	0.326789	0.01	0.01
0.144023	0	0.835977	0.01	0.01
0.326667	0.326667	0.326667	0.01	0.01
0.163333	0.163333	0.163333	0.01	0.5
0	0	0	0	0.118685	0.233794	0.00359796	0.00359886	0.291399	0.348925	0
0.249936	0.249939	0.249944	0.250181	0	0	0	0	0	0	0
0.00999705	0.00999727	0.00999844	0.970007	0	0	0	0	0	0	0
0	0	0	0	0	0	0	0	0	0	1
0	0	0	0	0	0	0	0	0	0	1
C	7	6
0.97499	0.00262354	0.00238617	0.01	0.01
0.326536	0.326915	0.326549	0.01	0.01
0.973289	0	0.00671081	0.01	0.01
0.326667	0.326667	0.326667	0.01	0.01
0.163333	0.163333	0.163333	0.01	0.5
0	0	0	0	0.0454882	0.558683	0.00267523	0.00269915	0.0882879	0.302167	0
0.240471	0.240461	0.240528	0.27854	0	0	0	0	0	0	0
0.24999	0.249997	0.249996	0.250017	0	0	0	0	0	0	0
0	0	0	0	0	0	0	0	0	0	1
0	0	0	0	0	0	0	0	0	0	1
C	8	7
0.976461	0.00177172	0.00176762	0.01	0.01
0.302723	0.374528	0.302748	0.01	0.01
0.49003	0	0.48997	0.01	0.01
0.326667	0.326667	0.326667	0.01	0.01
0.163333	0.163333	0.163333	0.01	0.5
0	0	0	0	0.344992	0.0882821	0.173932	0.0455013	0.0455042	0.301789	0
0.235416	0.232132	0.232144	0.300307	0	0	0	0	0	0	0
0.249993	0.249994	0.250015	0.249998	0	0	0	0	0	0	0
0	0	0	0	0	0	0	0	0	0	1
0	0	0	0	0	0	0	0	0	0	1
C	9	8
0.00177117	0.976458	0.00177106	0.01	0.01
0.283666	0.412646	0.283687	0.01	0.01
0.490032	0	0.489968	0.01	0.01
0.326667	0.326667	0.326667	0.01	0.01
0.163333	0.163333	0.163333	0.01	0.5
0	0	0	0	0.166802	0.166598	0.166618	0.166583	0.166584	0.166815	0
0.0460354	0.00268982	0.00268847	0.948586	0	0	0	0	0	0	0
0.249996	0.249997	0.250009	0.249998	0	0	0	0	0	0	0
0	0	0	0	0	0	0	0	0	0	1
0	0	0	0	0	0	0	0	0	0	1
C	10	9
0.326185	0.327654	0.326161	0.01	0.01
0.00181461	0.976371	0.00181462	0.01	0.01
0.490007	0	0.489993	0.01	0.01
0.326667	0.326667	0.326667	0.01	0.01
0.163333	0.163333	0.163333	0.01	0.5
0	0	0	0	0.166666	0.166667	0.166665	0.166667	0.166668	0.166667	0
0.217921	0.0887108	0.0886991	0.604669	0	0	0	0	0	0	0
0.249999	0.25	0.25	0.25	0	0	0	0	0	0	0
0	0	0	0	0	0	0	0	0	0	1
0	0	0	0	0	0	0	0	0	0	1
C	11	10
0.326662	0.326681	0.326657	0.01	0.01
0.00181505	0.97637	0.00181505	0.01	0.01
0.490001	0	0.489999	0.01	0.01
0.326667	0.326667	0.326667	0.01	0.01
0.163333	0.163333	0.163333	0.01	0.5
0	0	0	0	0.166667	0.166667	0.166666	0.166667	0.166667	0.166667	0
0.048681	0.131737	0.00268894	0.816893	0	0	0	0	0	0	0
0.25	0.25	0.25	0.25	0	0	0	0	0	0	0
0	0	0	0	0	0	0	0	0	0	1
0	0	0	0	0	0	0	0	0	0	1
C	12	11
0.326666	0.326669	0.326665	0.01	0.01
0.00178032	0.976439	0.00178032	0.01	0.01
0.490002	0	0.489998	0.01	0.01
0.326667	0.326667	0.326667	0.01	0.01
0.163333	0.163333	0.163333	0.01	0.5
0	0	0	0	0.166667	0.166667	0.166666	0.166667	0.166667	0.166667	0
0.0886601	0.00268895	0.0887183	0.819933	0	0	0	0	0	0	0
0.25	0.25	0.25	0.25	0	0	0	0	0	0	0
0	0	0	0	0	0	0	0	0	0	1
0	0	0	0	0	0	0	0	0	0	1
E	13	12
0.99	0	0.01
0.99	0	0.01
0.99	0	0.01
0.99	0	0.01
0.5	0	0.5
